{
 "cells": [
  {
   "cell_type": "code",
   "execution_count": 2,
   "id": "8bbb2b55",
   "metadata": {},
   "outputs": [],
   "source": [
    "import torch\n",
    "import dqc\n",
    "import dqc.xc\n",
    "import dqc.utils"
   ]
  },
  {
   "cell_type": "code",
   "execution_count": 3,
   "id": "e63589dc",
   "metadata": {},
   "outputs": [],
   "source": [
    "class MyLDAX(dqc.xc.CustomXC):\n",
    "    def __init__(self, a, p):\n",
    "        super().__init__()\n",
    "        self.a = a\n",
    "        self.p = p\n",
    "\n",
    "    @property\n",
    "    def family(self):\n",
    "        # 1 for LDA, 2 for GGA, 4 for MGGA\n",
    "        return 1\n",
    "\n",
    "    def get_edensityxc(self, densinfo):\n",
    "        # densinfo has up and down components\n",
    "        if isinstance(densinfo, dqc.utils.SpinParam):\n",
    "            # spin-scaling of the exchange energy\n",
    "            return 0.5 * (self.get_edensityxc(densinfo.u * 2) + self.get_edensityxc(densinfo.d * 2))\n",
    "        else:\n",
    "            rho = densinfo.value.abs() + 1e-15  # safeguarding from nan\n",
    "            return self.a * rho ** self.p\n",
    "        \n",
    "    def get_edensityxc_derivative(self, densinfo, number_of_parameter):\n",
    "        # densinfo has up and down components\n",
    "        if isinstance(densinfo, dqc.utils.SpinParam):\n",
    "            # spin-scaling of the exchange energy\n",
    "            return 0.5 * (self.get_edensityxc_derivative(densinfo.u * 2, number_of_parameter) \n",
    "                          + self.get_edensityxc_derivative(densinfo.d * 2, number_of_parameter))\n",
    "        else:\n",
    "            rho = densinfo.value.abs() + 1e-15  # safeguarding from nan\n",
    "            if number_of_parameter == 0: # parameter a\n",
    "                return rho ** self.p\n",
    "            elif number_of_parameter == 1: # parameter p\n",
    "                return self.a * rho ** (self.p - 1)"
   ]
  },
  {
   "cell_type": "code",
   "execution_count": 4,
   "id": "205232f4",
   "metadata": {},
   "outputs": [],
   "source": [
    "a = torch.nn.Parameter(torch.tensor(1.0, dtype=torch.double))\n",
    "p = torch.nn.Parameter(torch.tensor(2.0, dtype=torch.double))\n",
    "myxc = MyLDAX(a, p)"
   ]
  },
  {
   "cell_type": "code",
   "execution_count": 5,
   "id": "fbe6aaac",
   "metadata": {},
   "outputs": [
    {
     "name": "stdout",
     "output_type": "stream",
     "text": [
      "tensor(-54.0932, dtype=torch.float64, grad_fn=<AddBackward0>)\n"
     ]
    },
    {
     "name": "stderr",
     "output_type": "stream",
     "text": [
      "/home/radium/miniconda3/lib/python3.9/site-packages/xitorch/_impls/optimize/root/rootsolver.py:163: ConvergenceWarning: The rootfinder does not converge after 50 iterations. Best |dx|=2.508e-02, |f|=2.288e-01 at iter 32\n",
      "  warnings.warn(ConvergenceWarning(msg))\n"
     ]
    }
   ],
   "source": [
    "mol = dqc.Mol(moldesc=\"N -1 0 0; N 1 0 0\", basis=\"3-21G\")\n",
    "qc = dqc.KS(mol, xc=myxc).run()\n",
    "ene = qc.energy()\n",
    "print(ene)"
   ]
  },
  {
   "cell_type": "code",
   "execution_count": 6,
   "id": "714ac12d",
   "metadata": {},
   "outputs": [
    {
     "data": {
      "text/plain": [
       "tensor([[ 4.4449e-02,  2.4137e-14,  1.0511e-01, -5.0424e-02,  1.0289e-01,\n",
       "          2.2958e-14, -5.8054e-02,  8.7262e-15, -1.4612e-14, -4.7588e-14,\n",
       "          1.2283e-01,  8.2387e-02,  1.9097e-01, -6.7452e-14,  3.2144e-02,\n",
       "          1.8733e-14,  1.1592e-15,  1.0015e-13],\n",
       "        [ 2.4137e-14,  9.9451e-02,  1.0472e-13, -6.4384e-14,  5.0526e-14,\n",
       "         -1.8880e-02, -6.3688e-15,  1.1943e-06,  2.0303e-04, -1.8050e-01,\n",
       "          1.5046e-13,  6.6087e-14,  2.0816e-13,  6.9983e-02, -9.8086e-14,\n",
       "         -4.7394e-03,  1.2609e-03, -3.8878e-01],\n",
       "        [ 1.0511e-01,  1.0472e-13,  4.0383e-01,  3.7858e-02,  1.9606e-01,\n",
       "          3.0889e-14, -8.9278e-02,  5.3771e-14, -3.2877e-14, -9.8062e-14,\n",
       "          1.4279e-01,  5.8679e-01,  4.2135e-01, -6.3006e-14, -2.0842e-01,\n",
       "          6.0567e-14,  4.0853e-14,  8.9760e-14],\n",
       "        [-5.0424e-02, -6.4384e-14,  3.7858e-02,  4.6050e-01, -9.5657e-02,\n",
       "         -1.5449e-14,  4.3600e-02,  4.6571e-14,  4.2604e-14,  5.5748e-14,\n",
       "         -6.9951e-02,  5.8823e-01, -5.7674e-01,  3.1484e-14,  1.0187e-01,\n",
       "         -3.7079e-14,  5.3686e-14, -4.7927e-14],\n",
       "        [ 1.0289e-01,  5.0526e-14,  1.9606e-01, -9.5657e-02,  2.7194e-01,\n",
       "          2.2180e-14, -1.6893e-01,  1.6936e-14, -2.6022e-14, -1.8995e-13,\n",
       "          3.9087e-01,  1.5181e-01,  3.5840e-01,  3.5331e-14,  2.8097e-01,\n",
       "          8.6087e-15,  7.8968e-15,  2.5784e-13],\n",
       "        [ 2.2958e-14, -1.8880e-02,  3.0889e-14, -1.5449e-14,  2.2180e-14,\n",
       "          6.0041e-02, -5.5327e-14,  7.0682e-06, -2.1457e-04,  5.0150e-02,\n",
       "         -7.7593e-15,  2.2508e-14,  5.5668e-14, -3.3701e-01,  6.6177e-14,\n",
       "         -6.9451e-04,  1.1148e-04,  5.4404e-03],\n",
       "        [-5.8054e-02, -6.3688e-15, -8.9278e-02,  4.3600e-02, -1.6893e-01,\n",
       "         -5.5327e-14,  1.1117e-01, -8.1737e-15,  1.2489e-14,  9.3159e-14,\n",
       "         -2.6944e-01, -6.9084e-02, -1.6327e-01,  2.1166e-13, -2.5334e-01,\n",
       "         -9.6238e-15, -1.3111e-15, -1.6949e-13],\n",
       "        [ 8.7262e-15,  1.1943e-06,  5.3771e-14,  4.6571e-14,  1.6936e-14,\n",
       "          7.0682e-06, -8.1737e-15,  6.4100e-03,  8.4511e-06,  2.4101e-07,\n",
       "          1.4438e-14,  1.1664e-13, -1.0499e-15, -6.5916e-05, -1.1713e-14,\n",
       "          2.9605e-02,  1.0910e-01, -2.5194e-05],\n",
       "        [-1.4612e-14,  2.0303e-04, -3.2877e-14,  4.2604e-14, -2.6022e-14,\n",
       "         -2.1457e-04,  1.2489e-14,  8.4511e-06,  6.1082e-03, -1.2581e-04,\n",
       "         -1.9206e-14,  6.0913e-15, -8.6204e-14,  1.4420e-03,  2.5775e-14,\n",
       "         -1.0646e-01,  2.9043e-02,  7.3101e-04],\n",
       "        [-4.7588e-14, -1.8050e-01, -9.8062e-14,  5.5748e-14, -1.8995e-13,\n",
       "          5.0150e-02,  9.3159e-14,  2.4101e-07, -1.2581e-04,  3.3209e-01,\n",
       "         -5.5336e-13, -6.7858e-14, -1.8778e-13, -2.1808e-01, -3.1024e-13,\n",
       "          3.0599e-03, -8.0115e-04,  6.8647e-01],\n",
       "        [ 1.2283e-01,  1.5046e-13,  1.4279e-01, -6.9951e-02,  3.9087e-01,\n",
       "         -7.7593e-15, -2.6944e-01,  1.4438e-14, -1.9206e-14, -5.5336e-13,\n",
       "          6.7560e-01,  1.1024e-01,  2.6146e-01,  2.2686e-13,  7.4061e-01,\n",
       "          8.1462e-16,  7.2402e-15, -9.0952e-14],\n",
       "        [ 8.2387e-02,  6.6087e-14,  5.8679e-01,  5.8823e-01,  1.5181e-01,\n",
       "          2.2508e-14, -6.9084e-02,  1.1664e-13,  6.0913e-15, -6.7858e-14,\n",
       "          1.1024e-01,  1.4749e+00, -1.0684e-01, -4.2499e-14, -1.6117e-01,\n",
       "         -1.7683e-14, -4.9307e-14,  6.3874e-14],\n",
       "        [ 1.9097e-01,  2.0816e-13,  4.2135e-01, -5.7674e-01,  3.5840e-01,\n",
       "          5.5668e-14, -1.6327e-01, -1.0499e-15, -8.6204e-14, -1.8778e-13,\n",
       "          2.6146e-01, -1.0684e-01,  1.2707e+00, -1.0777e-13, -3.8107e-01,\n",
       "         -5.3668e-14,  1.8023e-15,  1.7819e-13],\n",
       "        [-6.7452e-14,  6.9983e-02, -6.3006e-14,  3.1484e-14,  3.5331e-14,\n",
       "         -3.3701e-01,  2.1166e-13, -6.5916e-05,  1.4420e-03, -2.1808e-01,\n",
       "          2.2686e-13, -4.2499e-14, -1.0777e-13,  1.9055e+00, -2.1665e-13,\n",
       "          6.3836e-04, -1.7765e-04,  1.1850e-01],\n",
       "        [ 3.2144e-02, -9.8086e-14, -2.0842e-01,  1.0187e-01,  2.8097e-01,\n",
       "          6.6177e-14, -2.5334e-01, -1.1713e-14,  2.5775e-14, -3.1024e-13,\n",
       "          7.4061e-01, -1.6117e-01, -3.8107e-01, -2.1665e-13,  1.2869e+00,\n",
       "         -6.6295e-15, -9.5706e-15,  2.8138e-13],\n",
       "        [ 1.8733e-14, -4.7394e-03,  6.0567e-14, -3.7079e-14,  8.6087e-15,\n",
       "         -6.9451e-04, -9.6238e-15,  2.9605e-02, -1.0646e-01,  3.0599e-03,\n",
       "          8.1462e-16, -1.7683e-14, -5.3668e-14,  6.3836e-04, -6.6295e-15,\n",
       "          1.9939e+00, -6.4302e-05, -2.4652e-03],\n",
       "        [ 1.1592e-15,  1.2609e-03,  4.0853e-14,  5.3686e-14,  7.8968e-15,\n",
       "          1.1148e-04, -1.3111e-15,  1.0910e-01,  2.9043e-02, -8.0115e-04,\n",
       "          7.2402e-15, -4.9307e-14,  1.8023e-15, -1.7765e-04, -9.5706e-15,\n",
       "         -6.4302e-05,  1.9936e+00,  6.5265e-04],\n",
       "        [ 1.0015e-13, -3.8878e-01,  8.9760e-14, -4.7927e-14,  2.5784e-13,\n",
       "          5.4404e-03, -1.6949e-13, -2.5194e-05,  7.3101e-04,  6.8647e-01,\n",
       "         -9.0952e-14,  6.3874e-14,  1.7819e-13,  1.1850e-01,  2.8138e-13,\n",
       "         -2.4652e-03,  6.5265e-04,  1.6029e+00]], dtype=torch.float64)"
      ]
     },
     "execution_count": 6,
     "metadata": {},
     "output_type": "execute_result"
    }
   ],
   "source": [
    "dm = qc._dm.detach().clone() # density matrix\n",
    "dm"
   ]
  },
  {
   "cell_type": "code",
   "execution_count": 13,
   "id": "8bb6f543",
   "metadata": {},
   "outputs": [],
   "source": [
    "fock = qc._engine.dm2scp(dm).clone()"
   ]
  },
  {
   "cell_type": "code",
   "execution_count": 10,
   "id": "c3d7b498",
   "metadata": {},
   "outputs": [
    {
     "data": {
      "text/plain": [
       "tensor([[-1.0950e-01,  8.7311e-04,  7.6791e-02, -1.0924e-03, -5.1973e-02,\n",
       "         -2.7058e-02,  3.0051e-02],\n",
       "        [ 1.7530e-02,  1.3151e-03, -2.2185e-03, -8.9175e-04,  3.0709e-02,\n",
       "          8.7984e-02,  2.0181e-01],\n",
       "        [-1.5374e-01,  1.3291e-01,  1.8973e-01, -2.5090e-02, -1.7868e-01,\n",
       "         -2.6067e-01,  1.5530e-01],\n",
       "        [ 1.7531e-01, -1.1001e-01, -2.3571e-01,  8.6145e-03,  1.6242e-02,\n",
       "         -3.3918e-01,  1.2834e-01],\n",
       "        [-3.0104e-01, -1.0579e-01,  1.3109e-01,  1.2810e-02, -9.9477e-02,\n",
       "         -5.0955e-02,  6.5690e-02],\n",
       "        [-9.2691e-02,  9.0151e-02, -1.0075e-01, -4.6311e-03,  3.6630e-02,\n",
       "         -1.9666e-02, -3.7441e-02],\n",
       "        [ 1.9154e-01,  1.0924e-01, -5.2329e-02, -1.4263e-02,  4.6669e-02,\n",
       "          2.4073e-02, -3.5585e-02],\n",
       "        [ 5.1077e-04,  6.0678e-03,  7.1713e-03,  5.4505e-02,  1.1161e-02,\n",
       "         -4.5678e-03,  5.3177e-04],\n",
       "        [-3.1171e-03, -2.5422e-03,  2.1986e-02, -1.3248e-02,  4.6678e-02,\n",
       "         -1.4151e-02,  4.0380e-05],\n",
       "        [-5.7121e-02,  2.2937e-02, -2.3397e-02, -3.6688e-04, -4.1555e-02,\n",
       "         -1.6121e-01, -3.6605e-01],\n",
       "        [-4.5208e-01, -3.3805e-01,  6.4057e-02,  4.5361e-02, -7.8315e-02,\n",
       "         -4.0752e-02,  7.2062e-02],\n",
       "        [-1.9972e-03,  5.0207e-02, -2.0120e-02, -2.3660e-02, -2.2113e-01,\n",
       "         -7.4604e-01,  3.5843e-01],\n",
       "        [-4.1632e-01,  3.0378e-01,  5.3983e-01, -4.0960e-02, -2.3092e-01,\n",
       "          1.5248e-01,  8.5983e-03],\n",
       "        [ 5.2458e-01, -5.1756e-01,  5.7954e-01,  2.6053e-02, -2.1968e-01,\n",
       "          7.8242e-02,  1.3700e-01],\n",
       "        [-3.6824e-01, -6.5982e-01, -2.3283e-01,  9.2981e-02,  8.8472e-02,\n",
       "          4.2697e-02,  2.0607e-03],\n",
       "        [ 6.3946e-02,  6.4955e-02, -3.4163e-01,  4.8440e-01, -7.6600e-01,\n",
       "          2.2473e-01, -7.5305e-04],\n",
       "        [-7.6865e-03,  9.2908e-02,  2.2413e-01,  8.6456e-01,  4.1164e-01,\n",
       "         -1.4448e-01,  9.8228e-03],\n",
       "        [ 3.8947e-02, -1.1511e-01,  1.3582e-01,  6.3364e-03, -1.6145e-01,\n",
       "         -3.4344e-01, -7.9006e-01]], dtype=torch.float64)"
      ]
     },
     "execution_count": 10,
     "metadata": {},
     "output_type": "execute_result"
    }
   ],
   "source": [
    "nao = qc.get_system().get_hamiltonian().nao\n",
    "norb = qc._engine.norb\n",
    "\n",
    "coeff = qc.get_system().get_hamiltonian().dm2ao_orb_params(dm, norb) # full C matrix\n",
    "coeff"
   ]
  },
  {
   "cell_type": "markdown",
   "id": "2d9bce73",
   "metadata": {},
   "source": [
    "$$ \\frac{\\partial E[\\rho](\\vec{\\theta})}{\\partial C_{bj}} = 2f_b \\sum_i C_{bi}F_{ij}$$\n",
    "so\n",
    "$$ \\frac{\\partial E[\\rho](\\vec{\\theta})}{\\partial \\textbf{C}} = 2\\textbf{f}\\textbf{C}\\textbf{F}$$\n",
    "$\\textbf{f}$ here is matrix: $f_{ab}=\\delta_{ab}f_a$"
   ]
  },
  {
   "cell_type": "code",
   "execution_count": 8,
   "id": "9050693b",
   "metadata": {},
   "outputs": [
    {
     "name": "stdout",
     "output_type": "stream",
     "text": [
      "tensor([[2., 0., 0., 0., 0., 0., 0.],\n",
      "        [0., 2., 0., 0., 0., 0., 0.],\n",
      "        [0., 0., 2., 0., 0., 0., 0.],\n",
      "        [0., 0., 0., 2., 0., 0., 0.],\n",
      "        [0., 0., 0., 0., 2., 0., 0.],\n",
      "        [0., 0., 0., 0., 0., 2., 0.],\n",
      "        [0., 0., 0., 0., 0., 0., 2.]], dtype=torch.float64)\n"
     ]
    }
   ],
   "source": [
    "occ = torch.diag(qc._engine.orb_weight.detach().clone())\n",
    "print(occ)"
   ]
  },
  {
   "cell_type": "code",
   "execution_count": 14,
   "id": "adaa4891",
   "metadata": {},
   "outputs": [
    {
     "data": {
      "text/plain": [
       "tensor([[ 2.0347e-01, -2.0898e-01, -1.6000e-01,  1.8448e-01,  8.1549e-01,\n",
       "          5.1087e-02, -6.5064e-01, -4.9838e-03,  1.2782e-02,  3.9851e-01,\n",
       "          1.8976e+00,  8.8441e-03, -4.5361e-01, -1.1345e-01,  2.9121e+00,\n",
       "          5.4752e-02,  4.4916e-03,  8.5159e-01],\n",
       "        [ 2.9737e-01,  9.3438e-02,  1.7108e-01, -1.3157e-01,  1.1985e+00,\n",
       "         -1.7721e-02, -8.6242e-01,  5.1583e-03, -1.4098e-02, -1.8663e-01,\n",
       "          2.3568e+00,  6.6891e-02,  3.7276e-01, -3.1202e-02,  2.9067e+00,\n",
       "         -2.7567e-02,  1.6170e-02, -4.5348e-01],\n",
       "        [ 7.8551e-02, -8.2438e-02,  2.2120e-01, -2.6022e-01,  3.2087e-01,\n",
       "          1.8078e-02, -1.8646e-01, -9.3194e-03,  1.3318e-02,  1.8078e-01,\n",
       "          4.2647e-01, -2.4136e-02,  6.2075e-01,  2.9285e-02,  1.2785e-01,\n",
       "         -2.7840e-02,  6.7243e-02,  4.8494e-01],\n",
       "        [-4.1657e-02, -3.9082e-02, -3.1041e-02,  1.1239e-02, -1.6762e-01,\n",
       "         -3.4573e-03,  1.2007e-01, -5.9984e-03, -3.0473e-03,  3.7344e-02,\n",
       "         -3.2704e-01, -2.8455e-02, -5.0268e-02,  5.8292e-02, -3.9847e-01,\n",
       "          9.5475e-02,  2.1531e-01, -8.4707e-03],\n",
       "        [-2.3196e-02, -7.1583e-02, -2.0082e-01,  2.1764e-02, -9.1846e-02,\n",
       "          4.6275e-02,  3.6177e-02, -2.3665e-03, -1.2118e-02,  1.7991e-01,\n",
       "         -4.2221e-02, -2.5279e-01, -2.6264e-01, -3.0830e-01,  2.1562e-01,\n",
       "         -1.7901e-01,  1.0781e-01,  4.2530e-01],\n",
       "        [-1.3744e-02, -5.1914e-01, -2.8467e-01, -3.5962e-01, -4.2581e-02,\n",
       "          1.5942e-01,  1.5619e-02,  3.6608e-03, -2.7364e-03,  9.7887e-01,\n",
       "         -1.2374e-02, -8.5747e-01,  1.7810e-01, -7.0907e-01,  1.1823e-01,\n",
       "          5.6603e-02, -3.7183e-02,  1.9093e+00],\n",
       "        [-9.4113e-03, -1.1462e+00,  1.6975e-01,  1.3550e-01, -4.3321e-02,\n",
       "          3.6391e-01,  4.8305e-02,  4.4904e-03, -1.0580e-02,  2.1894e+00,\n",
       "         -1.6513e-01,  4.1071e-01,  5.8925e-03, -1.6569e+00, -3.5662e-01,\n",
       "          1.6284e-02,  4.8643e-03,  4.3314e+00]], dtype=torch.float64,\n",
       "       grad_fn=<MmBackward0>)"
      ]
     },
     "execution_count": 14,
     "metadata": {},
     "output_type": "execute_result"
    }
   ],
   "source": [
    "derivative = torch.matmul(torch.matmul(occ, torch.t(coeff)), fock)\n",
    "derivative"
   ]
  }
 ],
 "metadata": {
  "kernelspec": {
   "display_name": "Python 3 (ipykernel)",
   "language": "python",
   "name": "python3"
  },
  "language_info": {
   "codemirror_mode": {
    "name": "ipython",
    "version": 3
   },
   "file_extension": ".py",
   "mimetype": "text/x-python",
   "name": "python",
   "nbconvert_exporter": "python",
   "pygments_lexer": "ipython3",
   "version": "3.9.7"
  }
 },
 "nbformat": 4,
 "nbformat_minor": 5
}
