{
 "cells": [
  {
   "cell_type": "code",
   "execution_count": 1,
   "id": "49caef54",
   "metadata": {},
   "outputs": [],
   "source": [
    "import torch\n",
    "import dqc\n",
    "import dqc.xc\n",
    "import dqc.utils"
   ]
  },
  {
   "cell_type": "code",
   "execution_count": 2,
   "id": "fa76ee9d",
   "metadata": {},
   "outputs": [],
   "source": [
    "class MyLDAX(dqc.xc.CustomXC):\n",
    "    def __init__(self, a, p):\n",
    "        super().__init__()\n",
    "        self.a = a\n",
    "        self.p = p\n",
    "\n",
    "    @property\n",
    "    def family(self):\n",
    "        # 1 for LDA, 2 for GGA, 4 for MGGA\n",
    "        return 1\n",
    "\n",
    "    def get_edensityxc(self, densinfo):\n",
    "        # densinfo has up and down components\n",
    "        if isinstance(densinfo, dqc.utils.SpinParam):\n",
    "            # spin-scaling of the exchange energy\n",
    "            return 0.5 * (self.get_edensityxc(densinfo.u * 2) + self.get_edensityxc(densinfo.d * 2))\n",
    "        else:\n",
    "            rho = densinfo.value.abs() + 1e-15  # safeguarding from nan\n",
    "            return self.a * rho ** self.p\n",
    "        \n",
    "    def get_edensityxc_derivative(self, densinfo, number_of_parameter):\n",
    "        # densinfo has up and down components\n",
    "        if isinstance(densinfo, dqc.utils.SpinParam):\n",
    "            # spin-scaling of the exchange energy\n",
    "            return 0.5 * (self.get_edensityxc_derivative(densinfo.u * 2, number_of_parameter) \n",
    "                          + self.get_edensityxc_derivative(densinfo.d * 2, number_of_parameter))\n",
    "        else:\n",
    "            rho = densinfo.value.abs() + 1e-15  # safeguarding from nan\n",
    "            if number_of_parameter == 0: # parameter a\n",
    "                return rho ** self.p\n",
    "            elif number_of_parameter == 1: # parameter p\n",
    "                return self.a * rho ** (self.p - 1)"
   ]
  },
  {
   "cell_type": "code",
   "execution_count": 3,
   "id": "3a249573",
   "metadata": {},
   "outputs": [],
   "source": [
    "a = torch.nn.Parameter(torch.tensor(1.0, dtype=torch.double))\n",
    "p = torch.nn.Parameter(torch.tensor(2.0, dtype=torch.double))\n",
    "myxc = MyLDAX(a, p)"
   ]
  },
  {
   "cell_type": "code",
   "execution_count": 51,
   "id": "063b6222",
   "metadata": {},
   "outputs": [
    {
     "name": "stdout",
     "output_type": "stream",
     "text": [
      "tensor(-54.0932, dtype=torch.float64, grad_fn=<AddBackward0>)\n"
     ]
    },
    {
     "name": "stderr",
     "output_type": "stream",
     "text": [
      "/home/radium/miniconda3/lib/python3.9/site-packages/xitorch/_impls/optimize/root/rootsolver.py:163: ConvergenceWarning: The rootfinder does not converge after 50 iterations. Best |dx|=2.508e-02, |f|=2.288e-01 at iter 32\n",
      "  warnings.warn(ConvergenceWarning(msg))\n"
     ]
    }
   ],
   "source": [
    "mol = dqc.Mol(moldesc=\"N -1 0 0; N 1 0 0\", basis=\"3-21G\")\n",
    "qc = dqc.KS(mol, xc=myxc).run()\n",
    "ene = qc.energy()\n",
    "print(ene)"
   ]
  },
  {
   "cell_type": "code",
   "execution_count": 52,
   "id": "8b0270b8",
   "metadata": {},
   "outputs": [
    {
     "data": {
      "text/plain": [
       "tensor([[ 4.4449e-02,  2.4137e-14,  1.0511e-01, -5.0424e-02,  1.0289e-01,\n",
       "          2.2958e-14, -5.8054e-02,  8.7262e-15, -1.4612e-14, -4.7588e-14,\n",
       "          1.2283e-01,  8.2387e-02,  1.9097e-01, -6.7452e-14,  3.2144e-02,\n",
       "          1.8733e-14,  1.1592e-15,  1.0015e-13],\n",
       "        [ 2.4137e-14,  9.9451e-02,  1.0472e-13, -6.4384e-14,  5.0526e-14,\n",
       "         -1.8880e-02, -6.3688e-15,  1.1943e-06,  2.0303e-04, -1.8050e-01,\n",
       "          1.5046e-13,  6.6087e-14,  2.0816e-13,  6.9983e-02, -9.8086e-14,\n",
       "         -4.7394e-03,  1.2609e-03, -3.8878e-01],\n",
       "        [ 1.0511e-01,  1.0472e-13,  4.0383e-01,  3.7858e-02,  1.9606e-01,\n",
       "          3.0889e-14, -8.9278e-02,  5.3771e-14, -3.2877e-14, -9.8062e-14,\n",
       "          1.4279e-01,  5.8679e-01,  4.2135e-01, -6.3006e-14, -2.0842e-01,\n",
       "          6.0567e-14,  4.0853e-14,  8.9760e-14],\n",
       "        [-5.0424e-02, -6.4384e-14,  3.7858e-02,  4.6050e-01, -9.5657e-02,\n",
       "         -1.5449e-14,  4.3600e-02,  4.6571e-14,  4.2604e-14,  5.5748e-14,\n",
       "         -6.9951e-02,  5.8823e-01, -5.7674e-01,  3.1484e-14,  1.0187e-01,\n",
       "         -3.7079e-14,  5.3686e-14, -4.7927e-14],\n",
       "        [ 1.0289e-01,  5.0526e-14,  1.9606e-01, -9.5657e-02,  2.7194e-01,\n",
       "          2.2180e-14, -1.6893e-01,  1.6936e-14, -2.6022e-14, -1.8995e-13,\n",
       "          3.9087e-01,  1.5181e-01,  3.5840e-01,  3.5331e-14,  2.8097e-01,\n",
       "          8.6087e-15,  7.8968e-15,  2.5784e-13],\n",
       "        [ 2.2958e-14, -1.8880e-02,  3.0889e-14, -1.5449e-14,  2.2180e-14,\n",
       "          6.0041e-02, -5.5327e-14,  7.0682e-06, -2.1457e-04,  5.0150e-02,\n",
       "         -7.7593e-15,  2.2508e-14,  5.5668e-14, -3.3701e-01,  6.6177e-14,\n",
       "         -6.9451e-04,  1.1148e-04,  5.4404e-03],\n",
       "        [-5.8054e-02, -6.3688e-15, -8.9278e-02,  4.3600e-02, -1.6893e-01,\n",
       "         -5.5327e-14,  1.1117e-01, -8.1737e-15,  1.2489e-14,  9.3159e-14,\n",
       "         -2.6944e-01, -6.9084e-02, -1.6327e-01,  2.1166e-13, -2.5334e-01,\n",
       "         -9.6238e-15, -1.3111e-15, -1.6949e-13],\n",
       "        [ 8.7262e-15,  1.1943e-06,  5.3771e-14,  4.6571e-14,  1.6936e-14,\n",
       "          7.0682e-06, -8.1737e-15,  6.4100e-03,  8.4511e-06,  2.4101e-07,\n",
       "          1.4438e-14,  1.1664e-13, -1.0499e-15, -6.5916e-05, -1.1713e-14,\n",
       "          2.9605e-02,  1.0910e-01, -2.5194e-05],\n",
       "        [-1.4612e-14,  2.0303e-04, -3.2877e-14,  4.2604e-14, -2.6022e-14,\n",
       "         -2.1457e-04,  1.2489e-14,  8.4511e-06,  6.1082e-03, -1.2581e-04,\n",
       "         -1.9206e-14,  6.0913e-15, -8.6204e-14,  1.4420e-03,  2.5775e-14,\n",
       "         -1.0646e-01,  2.9043e-02,  7.3101e-04],\n",
       "        [-4.7588e-14, -1.8050e-01, -9.8062e-14,  5.5748e-14, -1.8995e-13,\n",
       "          5.0150e-02,  9.3159e-14,  2.4101e-07, -1.2581e-04,  3.3209e-01,\n",
       "         -5.5336e-13, -6.7858e-14, -1.8778e-13, -2.1808e-01, -3.1024e-13,\n",
       "          3.0599e-03, -8.0115e-04,  6.8647e-01],\n",
       "        [ 1.2283e-01,  1.5046e-13,  1.4279e-01, -6.9951e-02,  3.9087e-01,\n",
       "         -7.7593e-15, -2.6944e-01,  1.4438e-14, -1.9206e-14, -5.5336e-13,\n",
       "          6.7560e-01,  1.1024e-01,  2.6146e-01,  2.2686e-13,  7.4061e-01,\n",
       "          8.1462e-16,  7.2402e-15, -9.0952e-14],\n",
       "        [ 8.2387e-02,  6.6087e-14,  5.8679e-01,  5.8823e-01,  1.5181e-01,\n",
       "          2.2508e-14, -6.9084e-02,  1.1664e-13,  6.0913e-15, -6.7858e-14,\n",
       "          1.1024e-01,  1.4749e+00, -1.0684e-01, -4.2499e-14, -1.6117e-01,\n",
       "         -1.7683e-14, -4.9307e-14,  6.3874e-14],\n",
       "        [ 1.9097e-01,  2.0816e-13,  4.2135e-01, -5.7674e-01,  3.5840e-01,\n",
       "          5.5668e-14, -1.6327e-01, -1.0499e-15, -8.6204e-14, -1.8778e-13,\n",
       "          2.6146e-01, -1.0684e-01,  1.2707e+00, -1.0777e-13, -3.8107e-01,\n",
       "         -5.3668e-14,  1.8023e-15,  1.7819e-13],\n",
       "        [-6.7452e-14,  6.9983e-02, -6.3006e-14,  3.1484e-14,  3.5331e-14,\n",
       "         -3.3701e-01,  2.1166e-13, -6.5916e-05,  1.4420e-03, -2.1808e-01,\n",
       "          2.2686e-13, -4.2499e-14, -1.0777e-13,  1.9055e+00, -2.1665e-13,\n",
       "          6.3836e-04, -1.7765e-04,  1.1850e-01],\n",
       "        [ 3.2144e-02, -9.8086e-14, -2.0842e-01,  1.0187e-01,  2.8097e-01,\n",
       "          6.6177e-14, -2.5334e-01, -1.1713e-14,  2.5775e-14, -3.1024e-13,\n",
       "          7.4061e-01, -1.6117e-01, -3.8107e-01, -2.1665e-13,  1.2869e+00,\n",
       "         -6.6295e-15, -9.5706e-15,  2.8138e-13],\n",
       "        [ 1.8733e-14, -4.7394e-03,  6.0567e-14, -3.7079e-14,  8.6087e-15,\n",
       "         -6.9451e-04, -9.6238e-15,  2.9605e-02, -1.0646e-01,  3.0599e-03,\n",
       "          8.1462e-16, -1.7683e-14, -5.3668e-14,  6.3836e-04, -6.6295e-15,\n",
       "          1.9939e+00, -6.4302e-05, -2.4652e-03],\n",
       "        [ 1.1592e-15,  1.2609e-03,  4.0853e-14,  5.3686e-14,  7.8968e-15,\n",
       "          1.1148e-04, -1.3111e-15,  1.0910e-01,  2.9043e-02, -8.0115e-04,\n",
       "          7.2402e-15, -4.9307e-14,  1.8023e-15, -1.7765e-04, -9.5706e-15,\n",
       "         -6.4302e-05,  1.9936e+00,  6.5265e-04],\n",
       "        [ 1.0015e-13, -3.8878e-01,  8.9760e-14, -4.7927e-14,  2.5784e-13,\n",
       "          5.4404e-03, -1.6949e-13, -2.5194e-05,  7.3101e-04,  6.8647e-01,\n",
       "         -9.0952e-14,  6.3874e-14,  1.7819e-13,  1.1850e-01,  2.8138e-13,\n",
       "         -2.4652e-03,  6.5265e-04,  1.6029e+00]], dtype=torch.float64)"
      ]
     },
     "execution_count": 52,
     "metadata": {},
     "output_type": "execute_result"
    }
   ],
   "source": [
    "dm = qc._dm.detach().clone() # density matrix\n",
    "dm"
   ]
  },
  {
   "cell_type": "code",
   "execution_count": 53,
   "id": "596714c7",
   "metadata": {},
   "outputs": [
    {
     "data": {
      "text/plain": [
       "tensor([[-1.0950e-01,  8.7311e-04,  7.6791e-02, -1.0924e-03, -5.1973e-02,\n",
       "         -2.7058e-02,  3.0051e-02, -3.1940e-01,  7.3303e-01,  5.7967e-01,\n",
       "         -1.3413e-03,  3.8196e-02,  8.9549e-04,  2.9453e-03, -1.0542e-02,\n",
       "          5.3222e-04,  4.5250e-03,  2.8505e-02],\n",
       "        [ 1.7530e-02,  1.3151e-03, -2.2185e-03, -8.9175e-04,  3.0709e-02,\n",
       "          8.7984e-02,  2.0181e-01,  7.0415e-01,  1.3882e-02,  4.0309e-01,\n",
       "          2.5778e-01, -1.8906e-01, -2.2763e-01,  3.0971e-02,  8.9148e-02,\n",
       "         -3.9965e-02, -4.2306e-02, -3.5422e-01],\n",
       "        [-1.5374e-01,  1.3291e-01,  1.8973e-01, -2.5090e-02, -1.7868e-01,\n",
       "         -2.6067e-01,  1.5530e-01,  9.3562e-02, -3.6369e-01,  3.9657e-01,\n",
       "         -9.6910e-02, -1.2887e-01, -5.6767e-02, -7.7344e-02, -7.0811e-02,\n",
       "         -1.4887e-01, -6.6996e-02,  6.5797e-01],\n",
       "        [ 1.7531e-01, -1.1001e-01, -2.3571e-01,  8.6145e-03,  1.6242e-02,\n",
       "         -3.3918e-01,  1.2834e-01, -1.9639e-01, -1.4144e-01,  1.4508e-01,\n",
       "         -3.7856e-01, -2.2579e-01, -2.6047e-02, -2.5193e-01, -3.0599e-01,\n",
       "         -3.9963e-01, -6.1755e-03, -4.2229e-01],\n",
       "        [-3.0104e-01, -1.0579e-01,  1.3109e-01,  1.2810e-02, -9.9477e-02,\n",
       "         -5.0955e-02,  6.5690e-02,  2.8391e-01,  4.3035e-01, -4.7590e-01,\n",
       "         -9.0315e-02, -2.0642e-01, -2.6646e-01, -2.3766e-01, -2.1997e-01,\n",
       "         -2.3779e-01,  2.3883e-01,  1.7754e-01],\n",
       "        [-9.2691e-02,  9.0151e-02, -1.0075e-01, -4.6311e-03,  3.6630e-02,\n",
       "         -1.9666e-02, -3.7441e-02,  2.9215e-01,  9.4256e-02, -3.9649e-03,\n",
       "         -6.0851e-02,  5.5782e-01,  2.8981e-01,  3.5854e-01, -3.8120e-01,\n",
       "         -4.1571e-01, -1.7149e-01,  2.7844e-02],\n",
       "        [ 1.9154e-01,  1.0924e-01, -5.2329e-02, -1.4263e-02,  4.6669e-02,\n",
       "          2.4073e-02, -3.5585e-02,  1.7104e-01,  1.9744e-02,  8.4802e-02,\n",
       "         -5.3667e-01,  5.2470e-01, -4.6016e-01, -2.1596e-01,  1.4301e-01,\n",
       "          2.1891e-01,  1.2616e-01,  3.9727e-02],\n",
       "        [ 5.1077e-04,  6.0678e-03,  7.1713e-03,  5.4505e-02,  1.1161e-02,\n",
       "         -4.5678e-03,  5.3177e-04,  3.2858e-02,  3.0260e-03,  5.2479e-05,\n",
       "          3.2146e-01,  2.0239e-01,  6.9537e-02, -6.4087e-01, -4.2961e-01,\n",
       "          3.0260e-01, -3.9963e-01, -3.8428e-03],\n",
       "        [-3.1171e-03, -2.5422e-03,  2.1986e-02, -1.3248e-02,  4.6678e-02,\n",
       "         -1.4151e-02,  4.0380e-05, -1.0958e-02,  1.8793e-03, -3.6476e-03,\n",
       "         -2.0281e-01, -2.5432e-01, -2.6750e-01,  4.8685e-01, -5.6742e-01,\n",
       "          4.9130e-01, -1.3806e-01, -4.7025e-03],\n",
       "        [-5.7121e-02,  2.2937e-02, -2.3397e-02, -3.6688e-04, -4.1555e-02,\n",
       "         -1.6121e-01, -3.6605e-01, -2.5169e-01, -1.2571e-01,  1.2954e-02,\n",
       "          4.5132e-01,  1.6703e-01, -6.5118e-01,  1.1933e-01, -5.6348e-02,\n",
       "         -2.7855e-01, -2.8476e-02, -5.6458e-02],\n",
       "        [-4.5208e-01, -3.3805e-01,  6.4057e-02,  4.5361e-02, -7.8315e-02,\n",
       "         -4.0752e-02,  7.2062e-02, -3.7200e-02, -1.8710e-02, -8.8204e-02,\n",
       "         -2.4920e-01,  3.5296e-02, -1.1857e-01,  5.8887e-02,  3.3139e-01,\n",
       "         -1.4897e-02, -6.6715e-01, -1.2913e-01],\n",
       "        [-1.9972e-03,  5.0207e-02, -2.0120e-02, -2.3660e-02, -2.2113e-01,\n",
       "         -7.4604e-01,  3.5843e-01,  3.1860e-02,  8.0104e-02, -1.6160e-01,\n",
       "          1.9291e-01,  2.1217e-01,  5.8849e-02,  1.3518e-01,  1.3277e-01,\n",
       "          2.7409e-01,  1.2535e-01, -1.2876e-01],\n",
       "        [-4.1632e-01,  3.0378e-01,  5.3983e-01, -4.0960e-02, -2.3092e-01,\n",
       "          1.5248e-01,  8.5983e-03, -1.1985e-01, -2.2233e-01,  5.8943e-02,\n",
       "         -9.5144e-02,  1.2721e-01,  6.9194e-02, -5.5618e-02, -1.2717e-01,\n",
       "          3.6018e-02,  2.4573e-01, -4.3176e-01],\n",
       "        [ 5.2458e-01, -5.1756e-01,  5.7954e-01,  2.6053e-02, -2.1968e-01,\n",
       "          7.8242e-02,  1.3700e-01, -2.0342e-02, -1.7733e-03, -1.9847e-02,\n",
       "          3.9888e-02,  1.3294e-01, -2.8684e-02,  7.8692e-02, -8.0024e-02,\n",
       "         -1.1171e-01, -3.2249e-02,  1.5392e-02],\n",
       "        [-3.6824e-01, -6.5982e-01, -2.3283e-01,  9.2981e-02,  8.8472e-02,\n",
       "          4.2697e-02,  2.0607e-03,  2.7208e-04, -2.0112e-01,  2.0683e-01,\n",
       "          6.7773e-02,  1.8833e-01,  5.6530e-02, -1.6711e-02, -1.2255e-01,\n",
       "          1.5608e-01,  4.3462e-01,  3.8673e-02],\n",
       "        [ 6.3946e-02,  6.4955e-02, -3.4163e-01,  4.8440e-01, -7.6600e-01,\n",
       "          2.2473e-01, -7.5305e-04,  1.4404e-03,  3.8521e-04,  8.6355e-04,\n",
       "         -1.5881e-02, -1.7298e-02, -1.4468e-02,  3.5438e-02, -2.3659e-02,\n",
       "          2.2109e-02, -1.5371e-03, -1.0224e-03],\n",
       "        [-7.6865e-03,  9.2908e-02,  2.2413e-01,  8.6456e-01,  4.1164e-01,\n",
       "         -1.4448e-01,  9.8228e-03, -2.2945e-03, -2.7635e-04, -2.3167e-04,\n",
       "         -1.4569e-02, -7.1619e-03, -1.1905e-04,  2.8012e-02,  3.1693e-02,\n",
       "         -2.3828e-02,  2.3901e-02,  5.0055e-04],\n",
       "        [ 3.8947e-02, -1.1511e-01,  1.3582e-01,  6.3364e-03, -1.6145e-01,\n",
       "         -3.4344e-01, -7.9006e-01,  2.7910e-01,  5.7014e-02,  9.3702e-02,\n",
       "         -1.3342e-01, -1.2901e-01,  2.2490e-01, -5.0813e-02,  5.3166e-02,\n",
       "          1.1909e-01,  4.9445e-03, -6.2968e-02]], dtype=torch.float64)"
      ]
     },
     "execution_count": 53,
     "metadata": {},
     "output_type": "execute_result"
    }
   ],
   "source": [
    "coeff = qc.get_system().get_hamiltonian().dm2ao_orb_params(dm, 0) # full C matrix\n",
    "coeff"
   ]
  },
  {
   "cell_type": "code",
   "execution_count": 54,
   "id": "6175ab83",
   "metadata": {},
   "outputs": [],
   "source": [
    "fock = qc._engine.dm2scp(dm).clone()"
   ]
  },
  {
   "cell_type": "markdown",
   "id": "e722e5dc",
   "metadata": {},
   "source": [
    "$$ \\frac{\\partial E[\\rho](\\vec{\\theta})}{\\partial C_{bj}} = 2f_b \\sum_i C_{bi}F_{ij}$$\n",
    "so\n",
    "$$ \\frac{\\partial E[\\rho](\\vec{\\theta})}{\\partial \\textbf{C}} = 2\\textbf{f}\\textbf{C}\\textbf{F}$$\n",
    "$\\textbf{f}$ here is matrix: $f_{ab}=\\delta_{ab}f_a$"
   ]
  },
  {
   "cell_type": "code",
   "execution_count": 58,
   "id": "53bb97c5",
   "metadata": {},
   "outputs": [
    {
     "name": "stdout",
     "output_type": "stream",
     "text": [
      "tensor([[2., 0., 0., 0., 0., 0., 0.],\n",
      "        [0., 2., 0., 0., 0., 0., 0.],\n",
      "        [0., 0., 2., 0., 0., 0., 0.],\n",
      "        [0., 0., 0., 2., 0., 0., 0.],\n",
      "        [0., 0., 0., 0., 2., 0., 0.],\n",
      "        [0., 0., 0., 0., 0., 2., 0.],\n",
      "        [0., 0., 0., 0., 0., 0., 2.]], dtype=torch.float64)\n"
     ]
    },
    {
     "data": {
      "text/plain": [
       "tensor([[2., 0., 0., 0., 0., 0., 0., 0., 0., 0., 0., 0., 0., 0., 0., 0., 0., 0.],\n",
       "        [0., 2., 0., 0., 0., 0., 0., 0., 0., 0., 0., 0., 0., 0., 0., 0., 0., 0.],\n",
       "        [0., 0., 2., 0., 0., 0., 0., 0., 0., 0., 0., 0., 0., 0., 0., 0., 0., 0.],\n",
       "        [0., 0., 0., 2., 0., 0., 0., 0., 0., 0., 0., 0., 0., 0., 0., 0., 0., 0.],\n",
       "        [0., 0., 0., 0., 2., 0., 0., 0., 0., 0., 0., 0., 0., 0., 0., 0., 0., 0.],\n",
       "        [0., 0., 0., 0., 0., 2., 0., 0., 0., 0., 0., 0., 0., 0., 0., 0., 0., 0.],\n",
       "        [0., 0., 0., 0., 0., 0., 2., 0., 0., 0., 0., 0., 0., 0., 0., 0., 0., 0.],\n",
       "        [0., 0., 0., 0., 0., 0., 0., 0., 0., 0., 0., 0., 0., 0., 0., 0., 0., 0.],\n",
       "        [0., 0., 0., 0., 0., 0., 0., 0., 0., 0., 0., 0., 0., 0., 0., 0., 0., 0.],\n",
       "        [0., 0., 0., 0., 0., 0., 0., 0., 0., 0., 0., 0., 0., 0., 0., 0., 0., 0.],\n",
       "        [0., 0., 0., 0., 0., 0., 0., 0., 0., 0., 0., 0., 0., 0., 0., 0., 0., 0.],\n",
       "        [0., 0., 0., 0., 0., 0., 0., 0., 0., 0., 0., 0., 0., 0., 0., 0., 0., 0.],\n",
       "        [0., 0., 0., 0., 0., 0., 0., 0., 0., 0., 0., 0., 0., 0., 0., 0., 0., 0.],\n",
       "        [0., 0., 0., 0., 0., 0., 0., 0., 0., 0., 0., 0., 0., 0., 0., 0., 0., 0.],\n",
       "        [0., 0., 0., 0., 0., 0., 0., 0., 0., 0., 0., 0., 0., 0., 0., 0., 0., 0.],\n",
       "        [0., 0., 0., 0., 0., 0., 0., 0., 0., 0., 0., 0., 0., 0., 0., 0., 0., 0.],\n",
       "        [0., 0., 0., 0., 0., 0., 0., 0., 0., 0., 0., 0., 0., 0., 0., 0., 0., 0.],\n",
       "        [0., 0., 0., 0., 0., 0., 0., 0., 0., 0., 0., 0., 0., 0., 0., 0., 0., 0.]],\n",
       "       dtype=torch.float64)"
      ]
     },
     "execution_count": 58,
     "metadata": {},
     "output_type": "execute_result"
    }
   ],
   "source": [
    "occ = torch.diag(qc._engine.orb_weight.detach().clone())\n",
    "print(occ)\n",
    "\n",
    "nao = qc.get_system().get_hamiltonian().nao\n",
    "norb = qc._engine.norb\n",
    "resize_functor = torch.nn.ZeroPad2d((0, nao-norb, 0, nao-norb))\n",
    "\n",
    "occ = resize_functor(occ)\n",
    "occ"
   ]
  },
  {
   "cell_type": "code",
   "execution_count": 56,
   "id": "34514128",
   "metadata": {},
   "outputs": [
    {
     "data": {
      "text/plain": [
       "tensor([[-3.0361e-01,  2.6525e+00,  1.9177e-01, -2.7402e-02, -8.0257e-02,\n",
       "         -2.5968e-02,  8.1371e-02, -1.0112e+00,  2.3214e+00,  3.1828e+00,\n",
       "          3.5832e-01,  7.7232e-03, -4.8810e-02,  9.2791e-01,  7.3425e-02,\n",
       "          1.6643e-01,  2.5242e-02, -2.3666e+00],\n",
       "        [ 3.0112e-01,  1.6312e+00,  3.0017e-01, -5.3102e-02, -1.2828e+00,\n",
       "          4.2610e-01,  2.0654e+00,  2.2497e+00,  6.0568e-02,  3.7278e+00,\n",
       "          1.1565e+00, -3.1922e-01, -3.7798e-01,  1.7805e-01, -1.1387e+00,\n",
       "         -1.8992e-05, -1.3473e-01, -4.5145e-01],\n",
       "        [-1.6576e-01,  2.5521e+00,  6.8524e-01, -2.3596e-02, -2.1786e-01,\n",
       "         -1.0441e+00,  4.4210e-01,  2.9998e-01, -1.1453e+00,  5.6567e-02,\n",
       "          1.2838e+00, -3.5366e-01, -2.4048e-01,  1.2970e+00,  7.0034e-01,\n",
       "         -1.1867e-01, -1.7175e-02, -3.6573e+00],\n",
       "        [ 7.4620e-01,  2.5327e-02, -4.7102e-01,  1.4794e-01,  1.4825e+00,\n",
       "         -8.4738e-01, -6.9070e-01, -5.9473e-01, -5.5114e-01,  1.5931e+00,\n",
       "          3.2917e-01, -2.1184e-01,  1.2426e-01, -5.6560e-01,  2.2616e+00,\n",
       "         -9.3641e-02,  4.6267e-02,  5.9954e-01],\n",
       "        [-8.8259e-01, -2.4292e+00,  7.3973e-01, -3.5657e-02,  4.2566e-01,\n",
       "         -3.7755e-01, -2.9868e-01,  8.9104e-01,  1.2847e+00, -4.2235e+00,\n",
       "          1.1591e+00, -4.5302e-01, -4.9901e-01, -5.0755e-01,  1.0119e+00,\n",
       "         -3.8290e-02, -1.6928e-02,  9.9132e-01],\n",
       "        [-3.9339e-01,  3.5916e-01, -8.9958e-01, -1.8640e-01,  7.1019e-01,\n",
       "          1.5649e-01, -7.3931e-01,  9.7478e-01,  2.5704e-01,  7.8968e-01,\n",
       "          1.0166e+00,  1.0563e+00,  5.7740e-01, -4.5275e-02,  1.0663e+00,\n",
       "         -5.9766e-02, -9.5802e-02,  4.6946e-01],\n",
       "        [ 4.5512e-01,  8.4032e-01, -2.6614e-01, -7.6117e-01,  2.3403e+00,\n",
       "         -7.8180e-02, -1.9655e+00,  5.1009e-01,  1.0235e-01,  4.8725e-01,\n",
       "         -2.7848e+00,  9.4787e-01, -8.1706e-01,  2.2041e-01,  1.7827e+00,\n",
       "          2.0198e-02, -4.5038e-03, -7.3322e-01],\n",
       "        [ 0.0000e+00,  0.0000e+00,  0.0000e+00,  0.0000e+00,  0.0000e+00,\n",
       "          0.0000e+00,  0.0000e+00,  0.0000e+00,  0.0000e+00,  0.0000e+00,\n",
       "          0.0000e+00,  0.0000e+00,  0.0000e+00,  0.0000e+00,  0.0000e+00,\n",
       "          0.0000e+00,  0.0000e+00,  0.0000e+00],\n",
       "        [ 0.0000e+00,  0.0000e+00,  0.0000e+00,  0.0000e+00,  0.0000e+00,\n",
       "          0.0000e+00,  0.0000e+00,  0.0000e+00,  0.0000e+00,  0.0000e+00,\n",
       "          0.0000e+00,  0.0000e+00,  0.0000e+00,  0.0000e+00,  0.0000e+00,\n",
       "          0.0000e+00,  0.0000e+00,  0.0000e+00],\n",
       "        [ 0.0000e+00,  0.0000e+00,  0.0000e+00,  0.0000e+00,  0.0000e+00,\n",
       "          0.0000e+00,  0.0000e+00,  0.0000e+00,  0.0000e+00,  0.0000e+00,\n",
       "          0.0000e+00,  0.0000e+00,  0.0000e+00,  0.0000e+00,  0.0000e+00,\n",
       "          0.0000e+00,  0.0000e+00,  0.0000e+00],\n",
       "        [ 0.0000e+00,  0.0000e+00,  0.0000e+00,  0.0000e+00,  0.0000e+00,\n",
       "          0.0000e+00,  0.0000e+00,  0.0000e+00,  0.0000e+00,  0.0000e+00,\n",
       "          0.0000e+00,  0.0000e+00,  0.0000e+00,  0.0000e+00,  0.0000e+00,\n",
       "          0.0000e+00,  0.0000e+00,  0.0000e+00],\n",
       "        [ 0.0000e+00,  0.0000e+00,  0.0000e+00,  0.0000e+00,  0.0000e+00,\n",
       "          0.0000e+00,  0.0000e+00,  0.0000e+00,  0.0000e+00,  0.0000e+00,\n",
       "          0.0000e+00,  0.0000e+00,  0.0000e+00,  0.0000e+00,  0.0000e+00,\n",
       "          0.0000e+00,  0.0000e+00,  0.0000e+00],\n",
       "        [ 0.0000e+00,  0.0000e+00,  0.0000e+00,  0.0000e+00,  0.0000e+00,\n",
       "          0.0000e+00,  0.0000e+00,  0.0000e+00,  0.0000e+00,  0.0000e+00,\n",
       "          0.0000e+00,  0.0000e+00,  0.0000e+00,  0.0000e+00,  0.0000e+00,\n",
       "          0.0000e+00,  0.0000e+00,  0.0000e+00],\n",
       "        [ 0.0000e+00,  0.0000e+00,  0.0000e+00,  0.0000e+00,  0.0000e+00,\n",
       "          0.0000e+00,  0.0000e+00,  0.0000e+00,  0.0000e+00,  0.0000e+00,\n",
       "          0.0000e+00,  0.0000e+00,  0.0000e+00,  0.0000e+00,  0.0000e+00,\n",
       "          0.0000e+00,  0.0000e+00,  0.0000e+00],\n",
       "        [ 0.0000e+00,  0.0000e+00,  0.0000e+00,  0.0000e+00,  0.0000e+00,\n",
       "          0.0000e+00,  0.0000e+00,  0.0000e+00,  0.0000e+00,  0.0000e+00,\n",
       "          0.0000e+00,  0.0000e+00,  0.0000e+00,  0.0000e+00,  0.0000e+00,\n",
       "          0.0000e+00,  0.0000e+00,  0.0000e+00],\n",
       "        [ 0.0000e+00,  0.0000e+00,  0.0000e+00,  0.0000e+00,  0.0000e+00,\n",
       "          0.0000e+00,  0.0000e+00,  0.0000e+00,  0.0000e+00,  0.0000e+00,\n",
       "          0.0000e+00,  0.0000e+00,  0.0000e+00,  0.0000e+00,  0.0000e+00,\n",
       "          0.0000e+00,  0.0000e+00,  0.0000e+00],\n",
       "        [ 0.0000e+00,  0.0000e+00,  0.0000e+00,  0.0000e+00,  0.0000e+00,\n",
       "          0.0000e+00,  0.0000e+00,  0.0000e+00,  0.0000e+00,  0.0000e+00,\n",
       "          0.0000e+00,  0.0000e+00,  0.0000e+00,  0.0000e+00,  0.0000e+00,\n",
       "          0.0000e+00,  0.0000e+00,  0.0000e+00],\n",
       "        [ 0.0000e+00,  0.0000e+00,  0.0000e+00,  0.0000e+00,  0.0000e+00,\n",
       "          0.0000e+00,  0.0000e+00,  0.0000e+00,  0.0000e+00,  0.0000e+00,\n",
       "          0.0000e+00,  0.0000e+00,  0.0000e+00,  0.0000e+00,  0.0000e+00,\n",
       "          0.0000e+00,  0.0000e+00,  0.0000e+00]], dtype=torch.float64,\n",
       "       grad_fn=<MmBackward0>)"
      ]
     },
     "execution_count": 56,
     "metadata": {},
     "output_type": "execute_result"
    }
   ],
   "source": [
    "derivative = torch.matmul(torch.matmul(occ, coeff), fock)\n",
    "derivative"
   ]
  }
 ],
 "metadata": {
  "kernelspec": {
   "display_name": "Python 3 (ipykernel)",
   "language": "python",
   "name": "python3"
  },
  "language_info": {
   "codemirror_mode": {
    "name": "ipython",
    "version": 3
   },
   "file_extension": ".py",
   "mimetype": "text/x-python",
   "name": "python",
   "nbconvert_exporter": "python",
   "pygments_lexer": "ipython3",
   "version": "3.9.7"
  }
 },
 "nbformat": 4,
 "nbformat_minor": 5
}
